12.2829 42.1173 6172.2
1.8246 48.9742 11811
1.206 51.2028 2667
11.6166 44.4929 457.2
13.891 42.5864 1798.32
14.3869 42.3831 266.7
11.5539 44.4904 121.92
1.7987 51.7065 4305.3
7.8056 50.2049 3192.78
10.6942 45.9391 10363.2
7.5264 47.5982 None
-0.5715 45.2891 5318.76
27.8614 41.1882 2682.24
14.1836 42.2674 571.5
12.7727 44.8176 10363.2
11.7497 44.3257 792.48
16.8793 51.1082 None
12.1306 44.9372 457.2
12.9048 46.0999 182.88
14.955 38.4616 83.82
11.3393 46.53 1066.8
13.4646 39.7738 9144
8.7199 45.6246 None
14.8897 45.1193 10972.8
9.2787 45.4295 129.54
12.0611 48.1634 2453.64
9.0833 48.4507 8580.12
7.5453 44.5852 541.02
